[[ 0.01328945 -0.61676073  1.5362556  -0.09723669 -0.79344004  1.52150846  0.11263601 -0.98070389  1.71750009 -0.16437155 -0.68725204  1.44309402]
 [-0.01843937 -0.75500995  1.45052695 -0.10489218 -0.5656454   1.7272445   0.22097248 -0.89684051  1.76282859 -0.16534032 -0.82402039  1.42093372]
 [-0.0160959  -0.80861676  1.53740132 -0.15838349 -0.3361437   1.80284572  0.29402313 -0.71706682  1.75534725 -0.16522519 -0.85835093  1.51401615]
 [ 0.00202895 -0.84888703  1.61952174 -0.1946317  -0.19530186  1.77916408  0.34550118 -0.59345096  1.74366713 -0.14894077 -0.90460348  1.59925163]
 [ 0.01657517 -0.9002316   1.68866193 -0.21902806 -0.13657339  1.7212286   0.35013759 -0.56840956  1.74013746 -0.13637747 -0.96312493  1.67741597]
 [ 0.0271245  -0.95760018  1.7482295  -0.22834092 -0.1304433   1.65478706  0.31544846 -0.61555254  1.73931277 -0.13065858 -1.02934349  1.74612093]
 [ 0.02553988 -1.02184963  1.79796886 -0.22344014 -0.1577272   1.58425283  0.30199659 -0.69451857  1.80392528 -0.14031368 -1.10312462  1.80796027]
 [ 0.00775408 -1.08500135  1.83599353 -0.21022023 -0.22611387  1.5253402   0.30301306 -0.76825619  1.90009868 -0.1630231  -1.17733121  1.85577655]
 [-0.00217224 -1.01176155  1.87092578 -0.21201982 -0.32519275  1.45092869  0.27665111 -0.83430475  1.97216034 -0.18421219 -1.35771859  1.85733902]
 [ 0.03405494 -0.80582684  2.00696015 -0.21869747 -0.42379394  1.53954029  0.27346694 -0.90489316  2.03088927 -0.17120583 -1.48416829  1.8483175 ]
 [ 0.04859454 -0.58802432  2.09677839 -0.21763888 -0.51015019  1.59380746  0.28089365 -0.99280864  2.07361889 -0.14422697 -1.57629228  1.83049965]
 [ 0.02767875 -0.41898212  2.11557627 -0.19900155 -0.62643653  1.65414953  0.29454184 -1.08811235  2.09254503 -0.1474593  -1.62419057  1.78520739]
 [-0.02070306 -0.30541617  2.07191801 -0.18245752 -0.72106975  1.68992937  0.29928914 -1.17914617  2.08257365 -0.15254365 -1.64336157  1.7076391 ]
 [-0.06115447 -0.21994947  2.01187015 -0.16707274 -0.80362403  1.7064842   0.30492494 -1.25430512  2.04302025 -0.14617206 -1.62930357  1.59426868]
 [-0.08234356 -0.13783033  1.95074427 -0.15404813 -0.87515938  1.71415687  0.31013802 -1.30610013  1.97797585 -0.09526297 -1.60190606  1.5605619 ]
 [-0.09170876 -0.0786991   1.91303217 -0.1525262  -0.94680822  1.72259712  0.29916909 -1.33396614  1.8865056  -0.03252711 -1.56286073  1.63372803]
 [-0.05583368 -0.01988569  1.86438274 -0.14946961 -1.01288497  1.71912754  0.2844871  -1.33647919  1.77014303  0.02244641 -1.53960109  1.81616533]
 [ 0.01111568  0.01913002  1.796772   -0.14407143 -1.06964517  1.70024168  0.26219884 -1.31763506  1.62767243  0.03668739 -1.46551323  1.98376751]
 [ 0.09929658  0.02822364  1.69997966 -0.13120525 -1.11486125  1.66124868  0.24251416 -1.27297342  1.45349789  0.05215008 -1.33373451  2.07150936]
 [ 0.17487718  0.01616148  1.52319443 -0.11679758 -1.14844215  1.60227263  0.22301468 -1.20661998  1.24736989  0.03802539 -1.13270426  2.08423257]
 [ 0.19193162 -0.05100955  1.4309355  -0.13403429 -1.16562963  1.61446869  0.1861362  -1.13296115  1.14483893  0.03104025 -0.86940104  1.90708911]
 [ 0.18169691 -0.17163964  1.51003945 -0.16058819 -1.04805779  1.80521548  0.20321935 -1.19016147  1.52548647  0.02364849 -0.87039852  1.73231566]
 [ 0.1838133  -0.31220472  1.56698525 -0.16740333 -0.86067772  1.9219805   0.29638937 -1.061198    1.69285536  0.0143682  -0.95132458  1.68042529]
 [ 0.1859231  -0.44654986  1.59032941 -0.18858115 -0.65857816  1.96807325  0.35673282 -0.90055591  1.77982581  0.00791726 -1.03220117  1.61446893]
 [ 0.19420511 -0.57130784  1.59035814 -0.21801673 -0.44945067  1.95566356  0.38134587 -0.69736761  1.79416895  0.0137462  -1.09613574  1.51996052]
 [ 0.21242177 -0.68744725  1.57439411 -0.25682819 -0.27921659  1.89043438  0.3685964  -0.52123469  1.8131808   0.0348844  -1.13269627  1.38537383]
 [ 0.22881082 -0.790519    1.53489459 -0.28830522 -0.1228824   1.75552058  0.31941864 -0.37611124  1.79671979  0.05354298 -1.13735819  1.2078284 ]
 [ 0.18063444 -0.9172501   1.51821077 -0.29361901 -0.02635128  1.54507506  0.24910733 -0.29286769  1.72244227  0.06359141 -1.10449064  0.97970873]
 [ 0.13566254 -0.96714562  1.81689107 -0.217428   -0.050591    1.29329205  0.15712298 -0.22371948  1.36096632  0.06129947 -1.15315592  1.03823829]
 [ 0.08658619 -0.69022858  1.95215869 -0.1774303  -0.22045343  1.42311609  0.15980221 -0.42317367  1.49955666  0.05529221 -1.29526675  1.34627771]
 [-0.02290254 -0.37991568  2.06921482 -0.18071547 -0.38935384  1.51359928  0.15495683 -0.58559871  1.56120992  0.0459065  -1.35456848  1.55675638]
 [-0.07559578 -0.12550314  2.09615588 -0.18922745 -0.55279619  1.56991184  0.14650083 -0.74509627  1.59785831  0.06914709 -1.35629678  1.71253765]
 [-0.07301576  0.0601774   2.03393435 -0.19607696 -0.70604837  1.5973897   0.14214018 -0.89031219  1.60012138  0.08146454 -1.32086611  1.83837461]
 [-0.04450114  0.18852483  1.90418828 -0.20940077 -0.84454316  1.59713113  0.13192853 -1.00902665  1.56012094  0.05074819 -1.23971665  1.94207335]
 [ 0.00872764  0.26468816  1.77061021 -0.21476358 -0.95961702  1.56052613  0.12961873 -1.09530234  1.47831905  0.02999779 -1.12871349  2.01993275]
 [ 0.07897916  0.27281886  1.58836043 -0.22544815 -1.04941809  1.49284065  0.11961888 -1.13985908  1.34539139  0.00911459 -0.97886235  2.04667616]
 [ 0.14071786  0.19974492  1.4007622  -0.2281421  -1.11022103  1.38890207  0.11296702 -1.14813828  1.16548371 -0.02223562 -0.82234281  2.04139829]
 [ 0.14189914  0.03810756  1.18822002 -0.21554188 -1.12077916  1.51763892  0.10130627 -1.14221513  1.09231246  0.00742188 -0.7109462   1.80180955]
 [ 0.13167101 -0.14266588  1.37805963 -0.21280207 -1.00053835  1.66447949  0.11927611 -1.21382701  1.38110685 -0.00482125 -0.84595823  1.78326797]
 [ 0.1375953  -0.30898097  1.5003407  -0.22167629 -1.02255225  1.77357864  0.19024703 -1.11599541  1.57291985 -0.00021865 -0.97869343  1.76391125]
 [ 0.14926744 -0.46722275  1.57628083 -0.25198141 -0.84786767  1.88747573  0.24735864 -0.98376197  1.71915877  0.00888249 -1.08861327  1.70549452]
 [ 0.16346712 -0.61496961  1.61253679 -0.28065047 -0.58551252  1.91932344  0.28643617 -0.80802858  1.79128146  0.0220357  -1.1655035   1.60326827]
 [ 0.17700639 -0.75112802  1.61415768 -0.29711285 -0.33771947  1.88435948  0.30579117 -0.63262093  1.83505046  0.03323955 -1.20594966  1.45531678]
 [ 0.19247773 -0.86672676  1.57767785 -0.30424774 -0.14490314  1.78065646  0.2938551  -0.46270248  1.84103036  0.04833046 -1.20407414  1.25590992]
 [ 0.20788737 -0.96161866  1.51523709 -0.30360544 -0.00916699  1.57460046  0.25691184 -0.31532392  1.75572217  0.06354485 -1.15622151  0.99842674]
 [ 0.15616584 -1.00985241  1.7825166  -0.25003821 -0.00200184  1.29093361  0.16168538 -0.21272787  1.42411816  0.05979593 -1.16748762  1.00411868]
 [ 0.10807204 -0.76228231  1.92919338 -0.21525235 -0.19046085  1.44901741  0.15681599 -0.4081921   1.51224446  0.07938178 -1.28767192  1.33795428]
 [-0.00853321 -0.46351901  2.06083107 -0.21141335 -0.37090653  1.5457139   0.15946582 -0.57717687  1.57074022  0.06100031 -1.33560407  1.57562363]
 [-0.08468797 -0.2055787   2.10065532 -0.21496193 -0.54282403  1.59815371  0.15629658 -0.73823732  1.59726489  0.05571024 -1.3426286   1.73451722]
 [-0.08827708 -0.00365214  2.0548265  -0.21766603 -0.70026654  1.61593175  0.15397358 -0.88081425  1.58435452  0.05743597 -1.31549263  1.8459394 ]
 [-0.05058881  0.16345829  1.93492198 -0.22442695 -0.83779383  1.60073376  0.14918736 -0.99031442  1.52596772  0.03590945 -1.23241615  1.93504322]
 [-0.01293885  0.2621074   1.79022658 -0.23520319 -0.95093346  1.54742265  0.13975212 -1.06948447  1.42624629 -0.01372736 -1.12233317  2.01766348]
 [ 0.04425364  0.27949986  1.6239655  -0.24511911 -1.03518093  1.45765328  0.12913342 -1.10580695  1.2723881  -0.03939601 -0.99149501  2.04734063]
 [ 0.11880773  0.21812631  1.41648519 -0.24351576 -1.08588016  1.32951927  0.12653112 -1.09959888  1.07032108 -0.0536338  -0.80617011  2.04040575]
 [ 0.11880202  0.06801496  1.21188498 -0.26433575 -1.1507715   1.63256216  0.13040529 -1.07920921  1.20884204 -0.00760805 -0.6183567   1.69608116]
 [ 0.12752061 -0.12076385  1.38914597 -0.26028207 -1.00340748  1.78523564  0.18208966 -1.14240599  1.44737494  0.00301014 -0.77598733  1.71624947]
 [ 0.12426953 -0.29795873  1.50164974 -0.25726303 -0.80808723  1.86861563  0.2290635  -1.09291995  1.62377846  0.00233213 -0.91985542  1.70024014]
 [ 0.12253462 -0.46385211  1.56866312 -0.25574264 -0.61993837  1.91845942  0.28166246 -0.95946151  1.72928083  0.00522515 -1.04048228  1.64530063]
 [ 0.11307958 -0.61623955  1.59452903 -0.27029616 -0.42386547  1.90252149  0.30791789 -0.7941305   1.80128872  0.00365235 -1.13334918  1.55178952]
 [ 0.11883936 -0.75579113  1.59248364 -0.27533388 -0.23685369  1.83805656  0.31494233 -0.61417931  1.830248    0.01410959 -1.18097246  1.40240955]
 [ 0.12894577 -0.87361932  1.55557775 -0.29657906 -0.08306193  1.71137416  0.28229129 -0.44085491  1.81618869  0.02951689 -1.17859077  1.19237161]
 [ 0.11500634 -0.96189374  1.52823532 -0.30918887 -0.00464348  1.500157    0.22324008 -0.32161987  1.72731161  0.04771348 -1.13672328  0.938631  ]
 [ 0.08313874 -0.95222688  1.85041618 -0.22124824 -0.05610247  1.22981215  0.158445   -0.31780964  1.43553829  0.04045034 -1.23831332  1.14455676]
 [ 0.03545287 -0.67272496  2.02236366 -0.21546468 -0.25096878  1.39591515  0.1656021  -0.49521944  1.53070557  0.03395279 -1.33846879  1.39206278]
 [-0.03064745 -0.36979303  2.11436343 -0.22293347 -0.43100882  1.49510419  0.16135196 -0.66111815  1.57874382  0.06132304 -1.38358641  1.59697044]
 [-0.06908772 -0.11454529  2.0999105  -0.2314515  -0.59868181  1.54876733  0.15602174 -0.81384051  1.58875835  0.08943658 -1.37262321  1.75727391]
 [-0.05731366  0.07894405  1.99328887 -0.23902534 -0.74869436  1.56742203  0.15032515 -0.94127554  1.55552328  0.08665939 -1.30226576  1.86703384]
 [-0.01653149  0.21192907  1.86346245 -0.2480083  -0.87724394  1.54880953  0.14254303 -1.03504539  1.47627115  0.06563466 -1.20814407  1.96115375]
 [ 0.04608069  0.27018023  1.71467555 -0.24669556 -0.97749239  1.4884938   0.14224857 -1.0933162   1.35080302  0.03626347 -1.09934282  2.04422402]
 [ 0.10383876  0.25782257  1.54179442 -0.24822508 -1.04543257  1.39005554  0.13492306 -1.10024166  1.16348064  0.00100386 -0.92895567  2.06078386]
 [ 0.13364516  0.16030076  1.22182441 -0.24576154 -1.08938646  1.29238617  0.11849981 -1.07637453  0.98715889 -0.02549253 -0.69735837  1.96907234]
 [ 0.1153103  -0.0175569   1.34648335 -0.24274775 -1.09342384  1.64285982  0.12742725 -1.1598165   1.40007949 -0.0197366  -0.68714213  1.69801712]
 [ 0.11469833 -0.20852596  1.49812412 -0.22443527 -0.9174341   1.82079005  0.21553347 -1.05397904  1.61434555 -0.01942956 -0.84670204  1.70808458]
 [ 0.11325098 -0.39212111  1.59137893 -0.22585258 -0.72669548  1.91071379  0.27798319 -0.92735255  1.71949577 -0.0216249  -0.98885089  1.67789388]
 [ 0.11660411 -0.56214666  1.63947892 -0.2488821  -0.52564567  1.93237484  0.31249708 -0.77450651  1.77768445 -0.0158061  -1.09700966  1.59729302]
 [ 0.12384465 -0.71731955  1.64731598 -0.27538055 -0.32631004  1.89078593  0.31966615 -0.62110394  1.8214587  -0.00535838 -1.16357267  1.46274662]
 [ 0.13103877 -0.85401052  1.61760283 -0.28508791 -0.16933538  1.79594922  0.31127477 -0.50404847  1.84598589  0.00762724 -1.18626475  1.27095091]
 [ 0.12758717 -0.9606753   1.55140901 -0.28793576 -0.04412678  1.63575542  0.26488063 -0.3950704   1.79485667  0.01195697 -1.16336656  1.02370667]
 [ 0.09229051 -1.01576662  1.74219334 -0.23124623  0.01071549  1.29715192  0.17744094 -0.26494262  1.52293491  0.02846816 -1.13712609  0.90223366]
 [ 0.06189727 -0.81409228  1.92543161 -0.20210172 -0.17589152  1.38112116  0.13936807 -0.41125256  1.49730062  0.06276987 -1.27485406  1.34987056]
 [-0.01472085 -0.51126885  2.05260587 -0.2141474  -0.35743561  1.4906286   0.12504919 -0.5809406   1.55509126  0.06715108 -1.28477144  1.59793341]
 [-0.04843393 -0.24872109  2.08841348 -0.21254742 -0.52621442  1.54487371  0.12502007 -0.74215835  1.58103001  0.09951947 -1.3024205   1.76272905]
 [-0.04824517 -0.03980007  2.02674723 -0.20934446 -0.67863882  1.56013381  0.12364408 -0.88421243  1.56401753  0.10035037 -1.2907654   1.86844373]
 [-0.03400223  0.12468547  1.89624667 -0.20338576 -0.80750781  1.53914511  0.12275195 -0.99513984  1.50173962  0.07485033 -1.24447465  1.95879579]
 [ 0.00631272  0.21723731  1.75022972 -0.19784909 -0.90995014  1.48479033  0.12055508 -1.06308591  1.38571632  0.0524287  -1.14903867  2.01736951]
 [ 0.06499259  0.24178234  1.57532668 -0.1989481  -0.98503315  1.3988235   0.11040589 -1.08195925  1.21118712  0.03002445 -0.99214137  2.02768779]
 [ 0.11797111  0.17246409  1.33970726 -0.19651389 -1.03973734  1.30047774  0.09232901 -1.05628788  0.99771541  0.01399637 -0.80919164  1.9736979 ]
 [ 0.11021315 -0.03540642  1.28366232 -0.21177459 -1.086869    1.63792026  0.11810092 -1.11669016  1.34521377  0.02962169 -0.71809793  1.6337657 ]
 [ 0.11624569 -0.2246969   1.44894218 -0.2339206  -0.90947682  1.80208731  0.21019961 -1.01594973  1.56485105  0.02871121 -0.85037369  1.6147238 ]
 [ 0.12148146 -0.4025737   1.54042864 -0.25362146 -0.68342912  1.87080455  0.27534065 -0.875202    1.67953408  0.02920204 -0.96392721  1.55608165]
 [ 0.12120538 -0.56547904  1.58345687 -0.27731135 -0.46163347  1.88406622  0.3053956  -0.70027536  1.73323238  0.02999535 -1.05022287  1.45614064]
 [ 0.12228037 -0.71457767  1.58779693 -0.28154707 -0.25138554  1.81871319  0.3100526  -0.53941655  1.76336527  0.03207165 -1.10057652  1.30705404]
 [ 0.1205023  -0.84369916  1.55273855 -0.26452938 -0.0823248   1.68598735  0.29543602 -0.41467303  1.74844277  0.0276423  -1.10897171  1.10248005]
 [ 0.09701922 -0.93928552  1.57998371 -0.24217559 -0.00201227  1.42555881  0.23600762 -0.29337546  1.61126411  0.02075271 -1.08765423  0.89533472]
 [ 0.05883669 -0.8643412   1.85682058 -0.18001683 -0.15084769  1.35106206  0.17962766 -0.35416493  1.39325964  0.03007168 -1.25069904  1.29789793]
 [-0.01649098 -0.55359364  2.00996161 -0.19842558 -0.34037584  1.47756445  0.16125938 -0.5306493   1.47361326  0.02741761 -1.28479207  1.53111446]
 [-0.05796073 -0.28025368  2.077878   -0.19676167 -0.51669657  1.54208207  0.16464701 -0.70085382  1.52174759  0.0513939  -1.29470265  1.70870721]
 [-0.0683515  -0.06201603  2.02819967 -0.19657236 -0.67755079  1.5650903   0.16897017 -0.85071623  1.52379453  0.04460332 -1.26566565  1.8313514 ]
 [-0.05562292  0.11906257  1.91575181 -0.2032112  -0.81939197  1.55414796  0.16730163 -0.97134185  1.48050976  0.0179952  -1.20129514  1.93039191]
 [-0.0294524   0.22525027  1.77974403 -0.20695296 -0.93510574  1.50292885  0.16714929 -1.05934453  1.39092243 -0.01509447 -1.1144048   2.00484872]
 [ 0.01307277  0.25970504  1.62363589 -0.20864481 -1.01815033  1.41420376  0.16262048 -1.10159504  1.24237144 -0.04839982 -0.99315     2.04827046]
 [ 0.06379523  0.21358311  1.46043944 -0.20427279 -1.06524014  1.28830028  0.15359907 -1.1001389   1.04700685 -0.0773251  -0.82936209  2.04193807]
 [ 0.07654946  0.05167884  1.16135406 -0.18305257 -1.06341422  1.37912226  0.12418391 -1.09117615  0.96308476 -0.05467827 -0.69445962  1.80202866]
 [ 0.06258477 -0.13473779  1.35763788 -0.17149663 -0.95539665  1.61379743  0.12370986 -1.19427848  1.36112261 -0.06115437 -0.76460201  1.66975582]
 [ 0.0568224  -0.31105837  1.49000609 -0.15233558 -0.78355187  1.76448035  0.19588825 -1.10104489  1.58585894 -0.06732552 -0.89918172  1.65423512]
 [ 0.0611029  -0.47985959  1.57221282 -0.1631434  -0.60161144  1.84753466  0.26208931 -0.95116073  1.69277918 -0.06404272 -1.00903118  1.59326267]
 [ 0.05280843 -0.63495696  1.60683489 -0.21137027 -0.42659256  1.86721575  0.2952356  -0.7959224   1.76277876 -0.06574457 -1.09262192  1.49136245]
 [ 0.05192563 -0.77676237  1.60755587 -0.24279658 -0.251995    1.82168126  0.30887833 -0.64280444  1.81070459 -0.056304   -1.13611746  1.33455729]
 [ 0.05694288 -0.89784157  1.5693289  -0.25797582 -0.09439063  1.70430732  0.29379192 -0.49574634  1.79175031 -0.04186071 -1.130813    1.11293435]
 [ 0.0429896  -0.97441357  1.53530288 -0.25927594  0.01131951  1.48119617  0.23870264 -0.36252984  1.679474   -0.03239421 -1.09548104  0.88373047]
 [ 0.04337934 -0.94214267  1.82851017 -0.18582548 -0.03078851  1.21923685  0.18829346 -0.35761681  1.41403091 -0.00577452 -1.1692301   1.08773148]
 [ 0.00362108 -0.6689859   1.98427224 -0.17974649 -0.22521795  1.37511694  0.19841059 -0.53361267  1.50054491  0.01133517 -1.28460228  1.37090278]
 [-0.07058946 -0.36716583  2.07366014 -0.19756281 -0.40909702  1.47313321  0.18525444 -0.6960817   1.53611827  0.02567871 -1.33979344  1.57598174]
 [-0.0999114  -0.1146246   2.07056999 -0.2118452  -0.5788247   1.52351952  0.17427813 -0.84344721  1.53011632  0.04551088 -1.32779765  1.72890365]
 [-0.08068763  0.07912129  1.95942974 -0.21971883 -0.72933978  1.53643608  0.16666704 -0.96473879  1.48387265  0.02982676 -1.26333201  1.86669219]
 [-0.04860761  0.20506272  1.82876444 -0.22915722 -0.85680544  1.51120842  0.1578735  -1.04974222  1.38790524  0.00398957 -1.18227947  1.97207057]
 [ 0.01332993  0.2540369   1.67282271 -0.23603293 -0.95536178  1.44870269  0.14963445 -1.08459818  1.23031175 -0.01003072 -1.05220473  2.01891971]
 [ 0.0683528   0.24221376  1.47490668 -0.24003139 -1.02175045  1.34611678  0.13736254 -1.07490373  1.0380795  -0.04840059 -0.86209124  2.02756047]
 [ 0.08706244  0.09669115  1.21303451 -0.20336141 -1.05146897  1.38803327  0.11132456 -1.08667755  0.97243601 -0.05870889 -0.72479528  1.88143694]
 [ 0.0648583  -0.08751908  1.33048475 -0.20802437 -1.05183971  1.6763041   0.12076157 -1.10891736  1.38601732 -0.03895525 -0.77750248  1.67748904]
 [ 0.06756845 -0.27426043  1.47465479 -0.18981628 -0.8659243   1.81255949  0.19771835 -0.97039175  1.60543108 -0.0346158  -0.92287922  1.66469264]
 [ 0.0748307  -0.45272952  1.56416321 -0.19974068 -0.65345979  1.8851248   0.25682658 -0.82525587  1.70223081 -0.02878123 -1.04351532  1.60717297]
 [ 0.08316669 -0.61664462  1.60675538 -0.2311451  -0.43525586  1.88514733  0.29971814 -0.67897487  1.75705814 -0.01718981 -1.12853432  1.49912453]
 [ 0.08930283 -0.76574177  1.60959148 -0.25369263 -0.25264078  1.82141924  0.31194493 -0.56649303  1.80867136 -0.0061231  -1.17218912  1.33637989]
 [ 0.09116931 -0.88949871  1.57036209 -0.26695302 -0.09480413  1.68555582  0.28751564 -0.42880842  1.77593505  0.00449217 -1.16776729  1.11134636]
 [ 0.06394091 -0.97056895  1.54052949 -0.26153362 -0.00405692  1.46513343  0.2348492  -0.34024757  1.67103755  0.01322875 -1.12787032  0.86843723]
 [ 0.02682546 -0.93980753  1.83017719 -0.20028637 -0.06595982  1.2336905   0.18713781 -0.37239698  1.429106    0.01092501 -1.20436561  1.07877672]
 [-0.01643218 -0.66741323  1.99683261 -0.20052636 -0.25626329  1.38039553  0.18870205 -0.54469502  1.50481379  0.00490864 -1.29856324  1.35863054]
 [-0.06151477 -0.36860067  2.07596684 -0.20575023 -0.43330255  1.46581829  0.18815896 -0.70387876  1.53757608  0.02181657 -1.34041333  1.57486057]
 [-0.09860363 -0.11974258  2.05422902 -0.21928468 -0.59841931  1.50894296  0.18009597 -0.84548187  1.52656615  0.02400906 -1.33972228  1.74318206]
 [-0.08838911  0.0712789   1.9672718  -0.21992464 -0.7424078   1.51330757  0.18151452 -0.96233726  1.47834194  0.02892478 -1.29573131  1.86356449]
 [-0.04621237  0.2116756   1.82544458 -0.2237598  -0.86217606  1.48342049  0.17851076 -1.03955019  1.37910271  0.01928079 -1.20052898  1.94406497]
 [ 0.00928096  0.26997429  1.65170217 -0.22761039 -0.95370245  1.41653097  0.16984853 -1.07678473  1.22743773 -0.01780394 -1.06047237  2.01187849]
 [ 0.07451591  0.24087617  1.47413349 -0.21878934 -1.01585579  1.31228757  0.16743003 -1.07592964  1.02477407 -0.04459662 -0.892519    2.04286814]
 [ 0.09200158  0.10661119  1.2169193  -0.19182347 -1.05554187  1.28502524  0.14053553 -1.06458223  0.90608877 -0.05925318 -0.73594475  1.90127695]
 [ 0.09241555 -0.11498944  1.34126592 -0.19298345 -1.06900489  1.64967203  0.1554175  -1.16835117  1.36787498 -0.0276428  -0.75484568  1.65516424]
 [ 0.09872151 -0.29749891  1.4801805  -0.19150248 -0.87347364  1.8083235   0.23525478 -1.05998731  1.5960263  -0.02276186 -0.89292401  1.64276326]
 [ 0.09883953 -0.47065914  1.56114233 -0.20383309 -0.66540688  1.86842477  0.27878863 -0.9127937   1.70270598 -0.02345861 -1.01181245  1.59055758]
 [ 0.09419756 -0.62836385  1.59604967 -0.22869857 -0.46028048  1.87682331  0.30246603 -0.74733067  1.76079309 -0.02429028 -1.10032678  1.49371195]
 [ 0.10106625 -0.77104878  1.59747398 -0.23867056 -0.25917384  1.82138228  0.31375197 -0.57938409  1.78733933 -0.0140224  -1.14364707  1.33954775]
 [ 0.10782318 -0.89142674  1.56107152 -0.26153764 -0.09610291  1.69733214  0.28842762 -0.42981303  1.76711321 -0.00504929 -1.13475621  1.11921561]
 [ 0.0911339  -0.96997398  1.541412   -0.25260502  0.0085483   1.44478059  0.24196556 -0.28722984  1.6176374   0.00672997 -1.09999788  0.89927626]
 [ 0.05778648 -0.92642313  1.89247751 -0.17578064 -0.06610795  1.23319435  0.20378174 -0.35390505  1.4301703   0.02800565 -1.26019633  1.23857749]
 [-0.01940664 -0.60314846  2.04702115 -0.19370264 -0.25369596  1.38110614  0.18615165 -0.52093977  1.50012267  0.0311889  -1.32955849  1.46053636]
 [-0.06546244 -0.31957173  2.10900688 -0.19421063 -0.42842671  1.46699393  0.18504751 -0.68470192  1.54102087  0.07020865 -1.35764372  1.64877892]
 [-0.09517261 -0.10320827  2.06097388 -0.19266921 -0.58809102  1.50729883  0.18417798 -0.83254153  1.54083717  0.08505367 -1.34144974  1.7876637 ]
 [-0.09323663  0.07302843  1.94941163 -0.19520268 -0.7309038   1.51338196  0.17937496 -0.95220041  1.49601007  0.06901069 -1.30193985  1.89025557]
 [-0.05312381  0.19610697  1.81282759 -0.19597936 -0.85183489  1.4864074   0.17594892 -1.03913784  1.40780151  0.03801966 -1.22081232  1.97967839]
 [ 0.00454122  0.24706253  1.66236448 -0.19641834 -0.94567639  1.42418218  0.17015916 -1.08159733  1.26385689  0.0112162  -1.08652306  2.02651334]
 [ 0.07166753  0.22681969  1.42829514 -0.20398545 -1.01108921  1.3287462   0.15525827 -1.07189524  1.05396581 -0.00737496 -0.87014282  2.00730228]
 [ 0.08340471  0.07201166  1.14109135 -0.21048273 -1.07217014  1.52463734  0.14658761 -1.04533327  1.09187186  0.03838864 -0.6211943   1.72201979]
 [ 0.06332977 -0.13308817  1.37254763 -0.21507591 -0.94731915  1.65721917  0.1368026  -1.18373477  1.36285353  0.0404937  -0.72695643  1.66766858]
 [ 0.06497549 -0.31479546  1.49281013 -0.19661358 -0.7742551   1.7843504   0.20110063 -1.11847317  1.54934037  0.04594884 -0.87608725  1.66107309]
 [ 0.06515533 -0.48407862  1.55814862 -0.20380263 -0.57812893  1.85515332  0.24588375 -0.96084458  1.67163479  0.04945396 -1.00232601  1.61261463]
 [ 0.07647257 -0.63946348  1.58316875 -0.21984529 -0.37009543  1.86813092  0.28126553 -0.75275671  1.73603809  0.06300953 -1.09281611  1.51406181]
 [ 0.08858088 -0.77748477  1.56994891 -0.24987069 -0.19642715  1.8104887   0.27774569 -0.56722808  1.78674746  0.07715525 -1.14306533  1.36299133]
 [ 0.10177753 -0.89071697  1.51694977 -0.26834568 -0.04553417  1.66879463  0.26117501 -0.39155078  1.75745595  0.09202378 -1.14704108  1.15467596]
 [ 0.06150534 -0.96115732  1.53918648 -0.26162788  0.03099191  1.4163481   0.20867825 -0.27133748  1.63631141  0.09002341 -1.11995828  0.9360404 ]
 [ 0.02254928 -0.898242    1.87609768 -0.18325086 -0.0738463   1.23933399  0.16166238 -0.32681993  1.38256669  0.06946371 -1.26236546  1.27497447]
 [-0.03238189 -0.5791353   2.02286792 -0.18829687 -0.26919183  1.39330959  0.15245    -0.50648469  1.46663523  0.03642887 -1.29600096  1.4928261 ]
 [-0.07752181 -0.2910282   2.08076787 -0.19546729 -0.45430353  1.48419178  0.14605977 -0.67857021  1.51352906  0.04021451 -1.30622375  1.66083241]
 [-0.09316199 -0.07124016  2.03969789 -0.20005116 -0.62272489  1.52697277  0.14153115 -0.83262897  1.51657343  0.04012216 -1.27555656  1.7945925 ]
 [-0.08331937  0.102975    1.93370152 -0.20300061 -0.77036738  1.53349721  0.13724226 -0.95688248  1.47392786  0.02525332 -1.22476995  1.90920889]
 [-0.04787876  0.2146302   1.79930723 -0.18798265 -0.89033186  1.49718213  0.1486086  -1.05221558  1.39261281 -0.00173041 -1.14750576  2.00515246]
 [-0.02888902  0.24927665  1.6517061  -0.17689715 -0.98112035  1.42342138  0.15201142 -1.10587275  1.25608885 -0.0502146  -1.05332565  2.05339575]
 [ 0.01439887  0.21043235  1.49683797 -0.16398641 -1.04105246  1.31746876  0.14960702 -1.11435974  1.06240845 -0.08082573 -0.91457534  2.04438472]
 [ 0.05445094  0.08030705  1.24992788 -0.14049622 -1.0711236   1.29334617  0.13111044 -1.10247147  0.93816662 -0.07448464 -0.75468099  1.90920341]
 [ 0.06343606 -0.12678646  1.32993042 -0.15014875 -1.07434046  1.65637338  0.14284207 -1.17627251  1.38291335 -0.03903343 -0.78143424  1.66393876]
 [ 0.08840257 -0.31262407  1.47992182 -0.16227865 -0.88276225  1.82920408  0.23147668 -1.0337745   1.59930277 -0.02428984 -0.9168396   1.65048313]
 [ 0.08553618 -0.4879593   1.56729043 -0.19255562 -0.67944074  1.88736057  0.27961415 -0.90288162  1.72666371 -0.03129831 -1.04023945  1.6054312 ]
 [ 0.08260359 -0.6485824   1.6104157  -0.20203415 -0.46186054  1.89174116  0.32573527 -0.74750412  1.77566421 -0.03461777 -1.13052273  1.51343024]
 [ 0.06939626 -0.79155874  1.61515272 -0.20889848 -0.27935019  1.83652377  0.33910081 -0.61030549  1.79798722 -0.04321859 -1.18194175  1.37185371]
 [ 0.06377648 -0.91269696  1.58391786 -0.19627365 -0.11156112  1.70659876  0.34209806 -0.46021605  1.74924207 -0.03984103 -1.18438804  1.16757751]
 [ 0.05533566 -1.00865591  1.52460098 -0.20368645 -0.00229758  1.5007391   0.29209304 -0.33026177  1.64599717 -0.03586256 -1.14020562  0.90242475]
 [ 0.02743821 -1.00542116  1.85157239 -0.14679727 -0.03839468  1.20850456  0.21391501 -0.29921222  1.38311565 -0.03121227 -1.24724138  1.08395922]
 [ 0.00541284 -0.70494998  1.99612701 -0.16122998 -0.22921127  1.37662268  0.20820016 -0.4626202   1.47165287 -0.01218554 -1.36148     1.3503058 ]
 [-0.03772442 -0.41484177  2.07145524 -0.16482988 -0.40427014  1.47121489  0.2105327  -0.62269658  1.52455151  0.01851522 -1.39409804  1.55999434]
 [-0.08586318 -0.14999716  2.05665922 -0.17672363 -0.57015944  1.52179289  0.20628569 -0.77111751  1.53706932  0.03736359 -1.37235641  1.72951043]
 [-0.09233794  0.05102064  1.97302628 -0.18485788 -0.72287631  1.54120576  0.20389234 -0.902466    1.51376307  0.02421397 -1.29902923  1.86206067]
 [-0.06779701  0.19159108  1.83639765 -0.19060808 -0.85288352  1.52282035  0.20060533 -1.00533974  1.44951105 -0.01191335 -1.18849945  1.96145868]
 [-0.02027275  0.25993064  1.7013396  -0.19432321 -0.95570773  1.46647239  0.19581369 -1.06729984  1.33111548 -0.03110657 -1.06426501  2.03038836]
 [ 0.04937256  0.2582632   1.52906692 -0.18738772 -1.02515769  1.36910081  0.196716   -1.08916032  1.16006565 -0.05477407 -0.894844    2.05410171]
 [ 0.0880044   0.14750522  1.28245366 -0.17093444 -1.0736872   1.31490326  0.17378859 -1.07124197  0.96274853 -0.06180958 -0.73430175  1.97325063]
 [ 0.0757964  -0.07156405  1.27066541 -0.17522997 -1.07200408  1.65369928  0.16065964 -1.14742756  1.37295127 -0.0412694  -0.73072046  1.67611194]
 [ 0.08912516 -0.25778654  1.42171311 -0.1675847  -0.88093793  1.81033111  0.23349917 -1.04098499  1.60539353 -0.03436247 -0.87645906  1.67447555]
 [ 0.09652891 -0.43226945  1.51573277 -0.18500471 -0.67667603  1.89259505  0.28391597 -0.8887192   1.70665467 -0.03051739 -1.00341141  1.6332128 ]
 [ 0.09470281 -0.59136504  1.56174433 -0.22474299 -0.4593105   1.89475489  0.30067626 -0.72414142  1.75996459 -0.0309919  -1.09984493  1.547189  ]
 [ 0.10071332 -0.73556507  1.5727253  -0.25449088 -0.26243624  1.84000587  0.3061364  -0.5527789   1.77638984 -0.02029411 -1.15459418  1.4066422 ]
 [ 0.10248937 -0.85976762  1.54209304 -0.28599727 -0.11691982  1.73026013  0.28609186 -0.43643808  1.78863358 -0.01012136 -1.16702068  1.20817602]
 [ 0.10614471 -0.95897615  1.47950828 -0.27162397  0.01494068  1.52479923  0.25855845 -0.3016932   1.67803729  0.00494786 -1.14100826  0.96207434]
 [ 0.0720268  -1.00433528  1.75793159 -0.18637529  0.00344714  1.21035135  0.16581857 -0.25249478  1.4088459  -0.00801814 -1.14889789  0.95110619]
 [ 0.05482157 -0.72739661  1.86794293 -0.1625506  -0.19919729  1.3410548   0.15831321 -0.43155327  1.48538959  0.0259288  -1.27107286  1.34692109]
 [-0.03536225 -0.41947779  2.00297213 -0.17811863 -0.38555449  1.44903862  0.15668513 -0.59704816  1.54385316  0.061662   -1.31484187  1.59471095]
 [-0.08846142 -0.16606283  2.04821348 -0.17655614 -0.55729097  1.50219822  0.17034461 -0.75639045  1.57228398  0.09698868 -1.32607806  1.76990557]
 [-0.09779583  0.04173982  1.9845078  -0.17492098 -0.71197224  1.5194782   0.18303065 -0.89278686  1.55439019  0.09288511 -1.29099679  1.88554525]
 [-0.09162863  0.19704567  1.85743523 -0.1832965  -0.84719431  1.50158954  0.18364814 -0.99977446  1.49236965  0.04972471 -1.22559357  1.9615761 ]
 [-0.04526408  0.27700102  1.71800876 -0.18304233 -0.95438188  1.44667304  0.18876901 -1.07226253  1.38529289  0.01842932 -1.12570584  2.02356744]
 [ 0.01194554  0.28102025  1.56259894 -0.18563591 -1.03052652  1.35519004  0.18556048 -1.097592    1.21982431 -0.01162746 -0.97792423  2.04329848]
 [ 0.07272579  0.20527139  1.33908069 -0.18553312 -1.07620347  1.23014593  0.17561124 -1.08703089  1.03779304 -0.04033884 -0.76465499  2.00813079]
 [ 0.07610569  0.01950638  1.13834953 -0.19162056 -1.09716868  1.54276228  0.18399136 -1.13631415  1.3205601  -0.02195374 -0.70844239  1.68093228]
 [ 0.09445684 -0.16982299  1.3213259  -0.21094514 -0.90748078  1.72598517  0.22402006 -1.04103756  1.53313994 -0.00498141 -0.85612386  1.68697274]
 [ 0.10368701 -0.34656733  1.44126046 -0.23072807 -0.69867206  1.82466352  0.25320846 -0.91212934  1.6623745   0.00721283 -0.99096352  1.65710247]
 [ 0.10402317 -0.50868863  1.50902677 -0.25659728 -0.48029089  1.84408808  0.26071557 -0.77441853  1.74107838  0.00970415 -1.09387898  1.58095324]
 [ 0.1092559  -0.65772992  1.53927672 -0.27365047 -0.28773847  1.81226313  0.27730811 -0.62512612  1.78774166  0.01951061 -1.15875912  1.45363271]
 [ 0.10945938 -0.7896356   1.52771962 -0.28092122 -0.12606271  1.7270993   0.277123   -0.50515938  1.80915534  0.02418881 -1.18173552  1.27137899]
 [ 0.10901555 -0.89800531  1.48064625 -0.27914846 -0.00663458  1.58387184  0.25058949 -0.40465584  1.76508188  0.02576896 -1.15618396  1.02895236]
 [ 0.07472628 -0.95831913  1.6151228  -0.2396653   0.01401349  1.30594122  0.17840767 -0.31442216  1.56686199  0.02289842 -1.11145401  0.85926753]
 [ 0.05540458 -0.81415111  1.87823772 -0.17838287 -0.15120862  1.32442904  0.14236443 -0.44854537  1.46266806  0.05550447 -1.28593099  1.35053575]
 [-0.01832823 -0.51201606  2.00327325 -0.17662761 -0.3306329   1.45446479  0.14110883 -0.60555446  1.50750899  0.05041094 -1.29103851  1.60320842]
 [-0.05730129 -0.23830029  2.03953481 -0.17440417 -0.49928138  1.52818632  0.14368577 -0.74689156  1.51051748  0.07004552 -1.27582145  1.75891924]
 [-0.05777582 -0.00164508  1.96521091 -0.18066949 -0.65783566  1.56271338  0.14011957 -0.86514121  1.46998858  0.06084378 -1.22391498  1.85245073]
 [-0.02352492  0.16132988  1.84331644 -0.18265174 -0.79682827  1.5583874   0.13635293 -0.95932555  1.39224041  0.02807418 -1.12856877  1.93512666]
 [ 0.00868961  0.24554214  1.69015598 -0.19122645 -0.91028804  1.51318586  0.12393714 -1.01586723  1.26245749 -0.01365486 -1.00401258  1.98356652]
 [ 0.05396199  0.24907002  1.52432394 -0.19248091 -0.9934963   1.425125    0.11372331 -1.03536725  1.09020221 -0.05439212 -0.86516237  2.00803876]
 [ 0.08751389  0.14460611  1.25021195 -0.17350125 -1.04947817  1.38499403  0.09516736 -1.02261078  0.90292293 -0.05040405 -0.70203263  1.9209913 ]
 [ 0.08429762 -0.08135865  1.36347687 -0.17072389 -1.0452714   1.70926857  0.11432121 -1.12013209  1.386096   -0.02124495 -0.68243456  1.62857485]
 [ 0.08937414 -0.27686143  1.50738084 -0.16715322 -0.85268146  1.83979666  0.21104787 -1.01166523  1.6167208  -0.0193176  -0.83940572  1.63732755]
 [ 0.0842334  -0.46159062  1.5910573  -0.1834434  -0.6645034   1.90353477  0.28146654 -0.86525142  1.71662867 -0.02553853 -0.97945333  1.6075865 ]
 [ 0.08785845 -0.62908667  1.62707388 -0.20403925 -0.45226151  1.90669549  0.32298547 -0.69968468  1.75655591 -0.02366213 -1.08240652  1.52381861]
 [ 0.08971898 -0.77933401  1.62187696 -0.23245206 -0.25933781  1.83477962  0.32540405 -0.55778462  1.78008056 -0.02276744 -1.14387238  1.38454986]
 [ 0.09395332 -0.90601188  1.57681715 -0.23610711 -0.0939697   1.70611918  0.31653437 -0.41975263  1.7460078  -0.01974143 -1.15453994  1.18024492]
 [ 0.08347601 -1.00314355  1.49488866 -0.23487522  0.0131752   1.51013362  0.26937029 -0.30967501  1.65170836 -0.02547466 -1.12985981  0.93566555]
 [ 0.07011339 -1.02090788  1.83978927 -0.14449091 -0.01532256  1.19669712  0.2005206  -0.30016759  1.3826257  -0.02423871 -1.17840719  1.02652299]
 [ 0.05840677 -0.73205984  1.96688366 -0.15223613 -0.21466526  1.36217618  0.19561686 -0.48859736  1.49188924  0.00113042 -1.30944955  1.30680001]
 [ 0.00499299 -0.42795983  2.04803872 -0.16353408 -0.40015471  1.46121109  0.18667732 -0.6638304   1.54821551  0.04001499 -1.36147881  1.53670251]
 [-0.04153343 -0.16358739  2.03670692 -0.17229669 -0.5714947   1.51032674  0.18044536 -0.82302231  1.55942154  0.07620833 -1.34971154  1.72844839]
 [-0.06481532  0.04576965  1.94240022 -0.18414222 -0.72712731  1.52414608  0.17176153 -0.95660621  1.52378297  0.0682636  -1.29323924  1.86120892]
 [-0.05429562  0.18845937  1.80518138 -0.19331719 -0.8589763   1.500054    0.16299891 -1.05950642  1.44591093  0.02540877 -1.20311368  1.96993589]
 [-0.02221484  0.2536816   1.66386652 -0.19306538 -0.96021014  1.43536723  0.15871362 -1.12128925  1.31634986 -0.01731961 -1.0898726   2.04674172]
 [ 0.02115219  0.24710062  1.51683211 -0.19323961 -1.02820742  1.33606195  0.15013905 -1.12766743  1.12000108 -0.04821644 -0.93854642  2.05770111]
 [ 0.06128041  0.13633288  1.2477802  -0.18212898 -1.06927419  1.26952112  0.12829889 -1.10646319  0.99437886 -0.07756279 -0.75205243  1.94938958]
 [ 0.04938427 -0.14254603  1.27918637 -0.17763644 -1.067132    1.60538161  0.13967624 -1.1655184   1.37190235 -0.04986185 -0.77215713  1.68420446]
 [ 0.07147688 -0.32542458  1.42506576 -0.17416447 -0.86682349  1.77574611  0.21296945 -1.0464685   1.58451128 -0.03297248 -0.90961903  1.66996551]
 [ 0.07756051 -0.49616176  1.51128685 -0.1941047  -0.65397751  1.86296415  0.26652795 -0.90599787  1.70683515 -0.02760975 -1.03073096  1.62100875]
 [ 0.06974874 -0.6506722   1.55057931 -0.22107254 -0.44001245  1.86680079  0.29676118 -0.75703561  1.77281821 -0.03133641 -1.12334919  1.5296551 ]
 [ 0.07478557 -0.78779894  1.55355942 -0.22284675 -0.23163766  1.81083894  0.31925058 -0.57983333  1.77757204 -0.02094178 -1.16869962  1.37938142]
 [ 0.07670309 -0.90114868  1.5136534  -0.24239919 -0.0886248   1.70540726  0.3058176  -0.44800395  1.7623179  -0.00852719 -1.16676033  1.16596174]
 [ 0.06044721 -0.9672243   1.49029481 -0.25126633  0.00196867  1.47649896  0.2560246  -0.32920921  1.65087354  0.00750037 -1.1243149   0.90236866]
 [ 0.02479787 -0.92817509  1.83141577 -0.17717385 -0.0637912   1.21036696  0.18392852 -0.32714677  1.37892973 -0.00128129 -1.25843751  1.16820908]
 [-0.01815354 -0.62587905  1.99907565 -0.1935311  -0.26043332  1.38834584  0.17107573 -0.49125335  1.45687759 -0.01327869 -1.32914543  1.40491331]
 [-0.06913665 -0.33970502  2.08627391 -0.19811253 -0.43965772  1.48702753  0.16883096 -0.65385574  1.50442255  0.00804765 -1.34566057  1.60427034]
 [-0.10744499 -0.10868347  2.06379867 -0.20455906 -0.6066044   1.53689849  0.16290088 -0.80536944  1.512133    0.00900739 -1.31347942  1.75867748]
 [-0.09800076  0.07668253  1.96562529 -0.19986197 -0.75478017  1.54727626  0.16619375 -0.93444222  1.48216653 -0.00080272 -1.24543834  1.88511729]
 [-0.06653643  0.19962481  1.83361745 -0.1940836  -0.87866598  1.51837277  0.16992106 -1.03018165  1.40523505 -0.02070408 -1.15550292  1.9850018 ]
 [-0.01909854  0.24741118  1.6910913  -0.19140399 -0.97480619  1.44959521  0.16857845 -1.08242893  1.26936746 -0.04164705 -1.04548132  2.03661609]
 [ 0.03149482  0.24023484  1.51066959 -0.1889872  -1.03676558  1.34005868  0.16247506 -1.08747184  1.07430351 -0.07907753 -0.86556256  2.0329597 ]
 [ 0.06571341  0.11443362  1.23856914 -0.1707017  -1.06841981  1.32345617  0.13850801 -1.08182108  0.95817393 -0.08801414 -0.70261133  1.91689312]
 [ 0.0513638  -0.0660174   1.34011924 -0.17808139 -1.0596025   1.63711333  0.12965979 -1.13371956  1.3873632  -0.06966688 -0.71898973  1.64295089]
 [ 0.05427648 -0.25846967  1.49258637 -0.1684082  -0.87971896  1.81431413  0.21123323 -1.01464653  1.62166464 -0.06512361 -0.87244463  1.64498174]
 [ 0.05779376 -0.44181877  1.58684015 -0.17854424 -0.65518421  1.89088047  0.27902412 -0.8643617   1.71703088 -0.05911887 -1.00585783  1.60433471]]